10006	2.8
10019	3.3
10024	3.4
10025	2.9
10034	2.6
10048	2.9
1007	3.1
10076	2.8
10077	3.8
10080	4.3
10082	2.7
10089	2.7
10100	2.9
10104	3.6
10108	2.2
10109	2.9
10127	3.0
10187	2.2
10188	2.7
10194	2.5
10195	3.4
10219	2.8
10237	2.6
10248	2.5
10255	3.9
10284	3.5
10319	2.9
10321	3.9
10349	3.2
10350	3.2
10354	3.8
10368	2.4
10391	2.7
10404	2.8
10415	2.0
10428	3.7
10429	3.3
1046	3.3
10462	2.3
1048	2.9
10493	3.1
10522	2.6
1054	2.3
10540	2.5
10555	2.5
10561	3.7
10572	2.6
10576	3.5
10578	3.3
10589	3.2
1059	2.0
10595	2.9
1061	3.5
10659	2.6
10662	3.9
10663	2.3
10670	2.7
10676	2.9
10686	3.9
10692	3.7
10712	3.2
10721	3.0
10733	3.3
10734	3.8
10735	2.7
10743	3.9
10747	3.6
10750	3.4
10757	3.9
1076	3.5
10762	2.8
10774	3.8
10777	2.9
1078	2.4
10780	2.6
10781	3.0
10792	3.7
10800	3.5
10810	3.5
10826	2.3
10835	3.3
10836	3.3
10843	2.4
10845	2.9
10846	3.0
10851	3.8
10870	2.7
10889	3.4
10900	2.8
10903	3.5
1091	2.1
1092	3.1
10921	3.0
10926	3.0
10939	2.9
10943	3.2
10947	4.3
10959	3.3
10978	2.5
10992	2.7
1100	2.2
11003	3.1
11007	3.6
11009	2.1
11011	2.1
11021	3.1
11025	3.2
11027	2.8
11034	3.0
1104	3.1
11041	2.8
11048	2.6
11054	2.0
11056	3.4
11076	3.0
11080	3.0
11086	2.7
11088	4.0
11098	2.9
111	3.0
11107	3.4
11124	3.9
11133	2.8
11158	3.1
11159	2.5
11177	2.8
11182	3.5
11197	3.1
11213	3.2
1122	2.5
1123	3.7
11232	2.3
11235	2.6
11236	4.0
11237	3.8
11238	3.2
11240	3.2
11245	3.0
11253	2.7
11259	3.0
11261	3.3
11284	3.3
11286	3.0
11288	2.5
11292	3.8
11294	2.0
11295	3.5
11307	3.5
11312	2.4
11316	2.7
11317	3.1
11319	2.1
11330	2.9
11339	2.7
1134	3.5
11340	2.7
11344	2.0
11347	3.0
11348	3.1
11352	3.1
11376	3.0
11380	2.8
11391	4.0
11395	2.4
1140	3.0
11408	2.8
11412	3.1
11418	2.5
11436	2.6
11442	3.2
1146	2.9
11463	3.0
11493	1.9
11496	2.7
11505	2.9
11510	2.4
11511	2.6
11513	2.4
11536	2.0
11563	3.2
11567	3.6
11613	3.6
11614	3.3
11616	3.2
11631	1.9
11637	3.8
11638	3.5
11651	3.6
11657	2.0
1167	3.0
11673	3.4
11686	1.6
11688	3.7
11689	2.7
11690	2.7
11723	2.6
11732	3.3
11757	2.1
11766	2.5
11775	3.2
11786	3.5
11806	3.1
11812	4.1
11824	3.5
11829	3.5
11835	2.9
11837	3.2
11838	3.0
11839	3.8
11851	3.5
11866	2.2
11867	2.4
1188	2.6
11884	3.5
11887	3.4
11888	3.7
1190	2.9
11902	3.3
11908	2.8
1192	2.6
11923	2.9
11951	2.5
11952	2.9
11965	3.8
11966	2.8
12010	3.3
1202	3.8
12046	3.4
1205	1.8
12059	3.0
12100	4.1
12117	2.5
12123	1.7
12125	4.1
1213	3.9
12133	2.3
12156	3.0
12159	3.9
12170	3.0
12178	3.6
12180	3.6
12184	4.2
12189	2.5
12199	2.4
122	2.9
12202	3.0
12230	3.4
12232	3.3
12243	3.1
12246	3.7
12273	2.9
12275	3.1
12276	2.6
12280	3.7
12284	2.5
12291	3.4
12292	3.7
12293	4.5
12298	4.0
123	2.8
12336	3.3
12348	3.3
12355	2.9
12372	3.2
12386	3.0
12391	3.4
12396	2.9
12413	3.5
12419	2.5
12421	3.3
12422	3.0
12423	3.4
12432	2.9
12452	2.9
12455	2.3
12472	2.6
12482	3.5
12488	3.8
12496	2.6
12497	3.3
12503	3.1
12504	3.3
12510	2.5
1252	2.9
12538	3.5
12544	3.6
1256	4.4
12589	4.0
1260	3.1
12604	2.8
12606	2.3
12607	3.6
12623	3.5
12627	3.6
12634	3.4
12639	3.6
12653	2.8
12661	3.4
12679	2.7
1268	2.0
12682	3.1
12683	3.0
12695	3.0
127	2.6
12700	2.8
12705	2.7
12709	2.9
12733	2.1
12755	3.9
12757	3.4
12760	3.3
12775	2.9
12778	3.6
12780	2.7
12793	3.6
12795	3.5
12798	3.0
12812	3.6
12822	3.8
12824	3.7
12847	2.9
12852	3.4
12855	3.9
12863	2.5
12864	2.8
12875	3.7
12887	1.6
1289	2.6
12894	3.5
12912	3.2
12920	2.9
12936	2.2
12946	4.0
12948	3.4
12952	3.8
12957	2.6
12969	2.9
12977	3.2
12993	3.5
13015	3.9
13022	3.0
13032	3.0
13046	3.6
1305	3.3
13055	3.4
13059	2.2
13099	3.5
13107	3.8
13110	3.0
1313	3.1
13137	2.5
13145	2.8
13150	2.1
13154	2.8
13186	3.7
13188	2.8
13199	3.0
13212	3.0
13215	2.1
13218	2.5
13235	2.4
13242	3.0
13262	2.3
13270	3.6
13288	2.9
13289	2.9
13298	3.3
13299	2.1
13305	1.8
13326	3.6
13328	3.3
1333	2.6
13334	3.0
13339	2.9
13360	2.5
13363	2.8
13377	3.7
13387	3.3
1340	2.8
1343	2.5
13431	2.1
13432	2.9
13438	2.7
13451	3.6
13456	2.8
13461	2.6
13464	2.0
13477	3.5
13485	2.8
13489	3.2
13507	2.8
13519	2.8
13531	2.3
1356	2.9
13561	3.7
13563	3.1
13565	3.1
13569	3.0
13587	3.3
13589	2.0
13590	2.6
13601	3.0
13604	3.2
13606	3.1
13608	3.8
13614	4.0
13632	2.7
13633	3.4
13636	3.9
13638	2.6
13651	3.6
13664	2.5
1367	3.5
13674	3.1
13677	2.3
13680	2.7
13682	2.7
13686	3.7
13744	3.3
13748	3.3
13758	2.7
13760	3.0
13769	1.8
13783	3.4
13787	3.4
13802	3.4
13817	2.2
13823	2.7
13828	2.4
13831	3.5
13835	4.0
13838	3.1
13853	3.0
13858	3.0
13861	2.5
13877	3.8
13878	3.9
1388	2.6
13887	3.6
13899	3.4
13905	2.9
13909	3.5
13911	2.6
13912	3.6
13927	3.8
13934	3.6
13936	3.0
13938	2.7
13964	3.9
13965	2.9
13989	3.2
140	2.4
14013	3.3
14046	2.8
1406	3.3
1407	2.8
14070	3.3
14072	3.6
14075	3.3
14077	2.5
14079	3.0
14086	4.0
14088	3.1
14089	3.2
14096	3.7
14099	2.0
14100	2.8
14136	2.6
14137	2.9
14144	3.6
14154	3.2
14169	2.8
14171	3.2
14177	3.4
14185	4.1
14189	2.9
14198	4.0
14199	3.4
14203	3.0
14209	3.5
14216	3.8
14231	2.7
14234	3.3
14244	3.2
14248	3.6
1425	3.6
14255	2.3
14258	3.5
14272	3.8
14279	2.3
14282	2.7
14283	4.4
14290	2.5
14292	2.4
1430	2.4
14314	2.6
14317	3.0
1432	3.0
14320	4.0
14324	2.5
14329	2.5
14335	3.5
14347	2.6
14354	2.4
14361	4.0
14372	3.8
14380	2.7
14386	3.0
14392	3.0
14407	3.6
14429	3.6
14430	3.6
1444	3.5
14440	2.6
14442	2.7
14457	3.6
14459	3.5
14462	2.4
14469	2.5
14470	2.1
14484	3.4
14492	3.5
14496	3.9
145	3.0
14503	3.1
14505	3.4
14506	3.7
14518	3.0
14537	3.8
1455	3.0
14551	2.7
14552	2.9
14560	3.3
14575	2.7
14581	2.8
14594	2.3
14611	3.0
14625	2.2
1464	2.5
14643	3.5
14645	2.9
14648	4.4
14712	3.2
14716	3.7
14720	3.6
14722	2.9
14732	3.6
14738	3.2
14740	1.5
14743	2.7
14775	1.6
14793	2.8
14800	3.8
14807	3.8
14808	3.6
14810	3.4
1482	3.2
14826	3.2
14836	2.6
1484	3.1
14859	4.1
1488	3.8
14902	2.7
14904	3.7
14930	3.3
14932	2.7
14941	3.8
14947	3.0
14957	1.7
14962	2.3
14983	3.6
14995	2.6
1500	3.7
15005	2.5
15020	3.0
15033	3.6
15040	3.4
15051	2.9
15060	2.5
15071	3.2
15074	2.2
15083	1.6
15085	3.4
15115	3.1
15121	3.0
15122	3.1
15135	2.4
15142	2.7
15150	2.5
15152	3.7
15153	2.9
15160	3.4
15165	3.2
15175	2.0
15183	4.2
15192	2.5
15201	3.6
15202	2.6
15213	2.6
15214	3.3
15216	2.7
1522	2.4
15222	3.2
15223	3.0
15228	2.9
1523	3.2
15234	3.0
15246	3.5
15251	3.2
15257	3.5
15272	2.8
15276	3.8
15331	3.2
15338	3.1
15371	3.2
15378	3.6
15391	2.0
154	2.8
15409	3.4
15410	3.2
15413	2.3
15428	3.7
15438	1.8
15449	3.4
15464	3.7
15469	3.2
15475	3.9
15478	2.5
15480	4.0
15496	3.5
15507	3.6
15510	2.0
15515	3.3
15516	3.3
15527	2.3
15529	3.3
15532	3.3
15536	2.4
15539	3.1
1554	2.7
15547	2.7
15557	4.2
15567	3.3
15568	4.0
1557	3.0
15576	3.4
15582	3.4
1559	3.1
15592	3.4
156	3.4
15610	2.5
15629	3.6
15632	3.0
1564	3.6
15648	2.9
15657	3.5
15661	2.4
15662	3.9
15670	2.5
15676	3.7
15687	1.5
15691	2.9
15695	2.5
15707	3.0
15712	3.1
15714	3.3
15716	3.7
15726	2.7
15731	2.9
15741	2.7
15754	2.3
15763	2.4
15772	3.5
15785	3.1
15808	3.3
15809	2.5
15816	3.5
15820	3.0
15830	3.4
15836	4.2
15841	3.5
15842	2.6
15855	3.5
15911	3.6
15915	3.0
15929	3.3
15946	2.7
15951	2.1
15955	3.4
15961	1.9
15962	3.2
15981	2.9
15982	3.5
15992	3.4
15993	2.5
15998	2.8
1600	2.9
16000	2.9
16001	2.8
16018	2.5
16021	3.1
16022	4.1
16035	2.5
16042	2.6
16046	3.2
16055	2.9
16066	3.0
16082	3.5
1609	3.2
16091	3.5
16112	2.5
16120	2.6
16122	1.9
16127	2.9
16129	2.6
16131	2.8
16132	2.5
16135	2.8
16147	4.4
1615	3.7
16150	3.7
16153	3.5
16157	3.1
16162	3.3
16169	2.9
16188	2.7
16231	2.9
16232	3.0
16243	2.4
16246	3.6
16247	3.2
16252	3.9
16256	2.5
16262	3.4
16277	2.5
16283	2.5
16286	3.5
1629	3.3
16300	2.9
16311	3.8
16329	3.6
16335	3.2
16342	3.6
16344	3.1
16349	3.9
16396	3.3
16398	2.8
16408	2.9
16410	3.3
16422	2.5
1644	3.7
16444	3.4
16451	2.4
16456	2.2
16467	2.7
16477	2.8
16488	2.6
16494	3.0
16506	2.9
16540	3.3
16545	3.6
16554	3.4
16555	3.9
16559	3.4
16563	2.9
16572	3.1
16576	2.0
16589	2.7
16599	2.9
16606	3.4
16613	1.8
16627	2.9
16629	3.6
16663	3.1
16670	3.6
1668	3.2
16685	3.2
16689	3.1
16705	3.6
16707	3.6
16726	2.2
16731	3.7
16733	3.5
16741	3.2
1675	3.0
16761	2.0
16762	1.9
16770	3.2
16784	3.8
16787	2.8
16788	3.3
16790	3.2
16797	3.4
16820	2.8
16830	2.4
16849	3.0
16854	3.7
16869	3.3
16889	3.5
16902	3.1
16904	3.0
16906	2.7
16915	3.2
16916	2.8
16928	3.0
16931	3.4
16933	2.2
16948	3.2
16950	2.0
16955	3.0
16970	2.9
16975	3.1
16982	3.5
16986	3.7
16988	2.4
16993	3.4
16996	3.0
16999	2.0
17020	3.2
17056	3.3
17065	2.0
17068	2.5
17074	2.9
17082	2.8
17085	4.3
17087	3.8
17090	3.0
17104	3.3
17107	3.3
17124	1.7
17137	2.9
17174	3.8
17182	3.8
17196	3.4
17202	2.8
17203	2.8
17232	2.1
17255	2.6
17290	3.5
17304	3.0
1731	2.9
17310	3.6
17324	3.8
17326	2.5
17334	2.9
17337	3.3
17338	3.1
17344	2.8
17348	3.7
17358	3.3
17394	2.7
174	2.9
17411	3.7
17423	3.5
1744	3.8
17447	3.1
17454	3.0
17466	2.4
17515	3.7
17522	3.5
17523	3.3
17534	2.2
17536	4.0
17551	1.9
17554	3.0
17556	2.5
17558	3.3
17561	3.1
1757	3.5
17574	3.4
17616	3.2
17624	3.4
17626	3.4
17635	3.0
17640	2.9
17642	3.6
17650	3.2
17653	3.2
17654	3.0
17660	2.5
17689	2.1
17693	2.9
17706	3.3
17725	3.4
17728	2.7
17734	2.9
17741	3.2
17742	2.8
1779	3.1
1803	3.4
1807	2.5
1825	3.5
1832	3.5
1841	2.2
1845	2.6
1848	3.6
185	3.0
1851	3.4
1853	3.4
1868	3.2
1884	3.0
1889	3.1
1893	3.0
1896	2.5
1898	2.9
1901	3.6
1903	2.4
192	3.0
1924	1.6
1944	2.7
1951	2.4
1952	2.7
1958	2.8
1966	2.0
1967	3.4
1983	3.3
1993	2.3
2014	2.9
2015	3.7
2028	3.0
2036	2.7
2039	3.4
2042	2.7
2043	3.7
2053	2.9
2058	2.2
207	2.6
2079	3.0
2083	3.5
2103	3.4
2104	3.2
2106	3.1
2110	3.7
2116	2.3
2130	3.7
214	2.6
2147	3.1
2160	3.7
2168	3.5
218	2.6
2193	2.5
2198	3.1
2212	3.8
222	2.3
2232	2.6
2235	2.7
2243	3.4
2251	3.1
2284	2.9
229	3.5
2290	4.2
2298	2.4
2313	2.0
2316	2.6
2342	3.8
2343	2.3
2344	2.8
2352	3.2
2355	3.2
2356	2.4
2366	3.0
237	3.4
2375	3.4
2418	3.7
2430	4.1
2432	2.3
2438	2.2
2460	3.3
2492	3.3
2503	3.8
2504	2.3
2506	3.9
2510	3.0
2512	3.3
2518	3.2
2528	3.2
2532	4.0
2544	3.2
2552	3.0
2560	2.1
2562	2.0
2565	2.4
2569	2.4
259	3.2
2597	3.2
2601	3.9
2604	2.2
2616	2.1
2621	2.7
2629	2.7
2640	3.6
2642	2.3
2643	3.6
2658	2.7
2659	2.9
2660	3.9
2666	2.9
2667	2.1
267	3.6
2675	2.5
2678	2.6
2682	3.5
2707	3.1
2715	2.6
2718	2.4
2731	2.8
2745	2.9
2749	3.1
2755	3.7
2756	3.6
2757	3.5
276	2.0
2773	3.2
2786	2.8
2789	3.2
2794	3.3
28	3.8
2807	2.6
2808	3.7
2818	3.2
2859	2.9
2861	4.1
2866	3.3
287	2.9
2886	3.5
2905	3.5
2909	2.8
2913	4.0
2918	2.6
2925	3.2
2928	3.8
2931	2.7
2939	3.0
2954	3.7
2955	3.7
2969	2.4
2985	3.9
2988	2.9
2995	2.5
3022	3.0
3032	3.9
3033	4.5
3043	3.0
3044	3.2
305	3.5
3054	3.5
3057	3.6
3068	3.0
3069	2.9
3073	3.6
3084	3.1
3094	2.5
3107	3.6
3135	3.2
3143	3.2
3147	3.8
3149	3.2
3151	3.3
3164	3.6
3165	3.5
3170	3.7
3176	3.1
318	2.5
3189	1.7
3192	2.8
3196	2.5
3200	3.4
3201	2.8
3220	2.9
3229	3.2
323	2.4
3232	3.7
3237	3.3
3243	3.1
3253	3.3
3257	2.5
3269	3.9
3271	2.6
3274	3.6
3281	3.5
3285	3.8
3290	4.3
3298	2.2
3301	3.6
3316	2.8
3326	3.1
3329	3.1
3330	3.1
3351	2.7
3355	3.5
3359	3.0
336	3.0
3418	3.1
3440	2.6
3486	3.0
3492	3.1
3498	3.3
3538	3.5
3541	3.7
3546	3.4
3559	3.5
3568	3.4
3584	2.9
3586	2.7
3587	3.4
359	4.1
3590	3.6
3598	3.0
361	3.6
3613	3.3
3638	3.4
3647	2.7
3652	3.0
3655	2.0
3658	2.4
3670	3.0
3685	3.7
3702	3.7
3705	2.9
3706	3.2
3722	2.7
3727	3.0
3733	3.8
3734	3.1
3740	3.5
3742	4.0
3743	3.1
3760	3.3
380	3.0
3824	3.4
3848	2.6
3861	2.7
3862	2.7
3874	2.3
3878	2.3
3881	2.9
3889	2.7
3890	2.9
3891	2.5
3893	3.5
3903	3.6
3904	2.8
3914	3.6
3928	4.2
3941	3.5
3943	3.2
3944	2.9
395	3.9
3955	3.6
3977	3.0
3978	2.9
398	2.8
3994	2.7
4002	3.0
4005	3.5
4008	3.5
4023	2.2
4032	2.7
4042	3.0
4049	3.8
4061	3.2
4064	3.2
4076	2.0
409	3.5
4095	2.4
4119	3.3
4122	3.2
4128	2.9
4129	4.2
4144	3.3
4152	2.9
4160	2.9
417	3.9
4189	3.4
4190	3.1
4207	4.2
4215	3.1
4218	2.7
4224	3.5
4238	4.4
4239	2.6
4257	3.3
4264	3.1
4268	3.2
4272	2.7
4283	2.8
4299	3.4
43	2.3
4329	2.5
4346	3.0
4359	2.8
4385	3.7
4394	2.0
440	2.5
4405	3.9
442	3.8
4429	3.0
443	3.8
4432	3.7
4439	2.9
4441	3.4
4445	3.1
4468	4.0
4485	3.4
4496	3.7
450	2.5
4513	3.1
4518	3.5
452	2.9
4538	2.2
4544	1.8
4546	3.3
4552	3.5
4556	2.4
4563	3.0
4566	3.0
4569	2.7
4574	2.8
4586	3.2
4613	3.0
4619	2.8
4627	3.6
4637	2.5
4640	4.0
4645	2.5
4647	2.7
4685	3.0
4694	2.0
4737	2.7
4742	2.4
4750	2.7
4761	3.3
4768	3.6
48	3.6
481	2.8
4811	2.6
4837	2.2
4840	3.2
4847	4.0
4849	3.6
4852	3.1
4858	3.0
4868	3.9
4875	1.8
4876	3.2
4880	2.1
4901	2.4
4902	3.4
4918	2.9
4921	2.4
4932	3.5
4935	2.8
4943	3.2
4952	2.9
4963	3.5
4966	2.9
4981	3.0
4986	2.1
5008	3.3
5025	3.8
5026	3.5
5027	2.9
5062	2.9
5069	3.6
507	3.5
5096	2.7
5098	2.0
510	2.9
5123	2.8
5129	3.1
5131	2.7
5142	3.1
5143	3.5
5149	3.5
5157	2.5
5159	1.7
5160	2.6
5175	2.8
518	3.7
5206	3.5
5220	2.9
5225	3.1
5267	3.1
5272	3.3
5284	3.4
5294	3.7
5311	2.4
5326	4.2
5327	3.6
5336	3.1
5337	2.7
5342	2.8
5361	3.2
5364	3.0
5367	3.0
5369	3.9
5408	3.8
541	2.3
5425	3.0
5426	2.9
543	3.1
5465	2.8
5474	2.5
5484	2.9
5485	3.3
5552	3.0
5556	3.4
5562	3.7
5568	2.5
557	2.4
5577	3.9
5604	2.5
5607	3.4
5623	2.9
5640	3.1
5641	2.2
5651	3.0
5656	3.6
566	2.9
5699	3.6
5700	4.2
5716	3.0
5727	3.6
5729	2.3
5748	3.0
5760	4.4
5766	2.6
577	4.2
578	2.4
5785	2.7
5790	2.3
5799	3.2
5813	3.5
5814	3.0
5827	2.7
583	2.8
5835	2.6
5849	3.1
5877	3.3
5883	3.5
5897	3.0
5898	4.0
5901	3.0
5911	2.6
5921	3.0
594	2.4
5941	3.4
5943	3.4
5945	3.8
595	3.8
5958	3.5
5963	3.7
5966	2.5
5970	3.6
5979	2.7
6013	3.0
6014	3.2
606	3.3
6066	3.4
6069	2.4
6085	3.9
6086	3.2
6093	3.8
61	2.4
6103	2.0
6110	3.6
6121	2.3
6131	3.4
6136	2.7
6137	2.5
6140	2.4
6172	3.5
6177	3.5
6190	3.6
6200	2.8
6208	1.7
6215	3.1
6220	3.6
6226	3.4
6228	3.6
6230	3.0
6234	3.2
6250	2.5
6252	2.5
6257	2.3
626	3.5
6260	2.7
6276	2.4
6277	2.1
6281	3.6
6285	2.8
6287	3.7
6289	2.4
6291	3.1
6308	2.6
6315	2.8
6318	3.3
6334	3.0
6336	3.4
6338	2.6
634	4.2
6347	2.9
6354	2.3
6356	2.7
6358	2.5
636	3.5
6363	1.6
638	3.4
6389	3.6
6390	2.5
6395	3.2
64	2.5
6400	3.5
6405	2.8
6406	3.1
6408	3.8
6417	2.7
6419	2.7
642	3.8
6424	3.8
6446	2.7
6448	3.0
6466	2.7
6467	3.0
647	3.3
6480	2.3
6481	2.5
6482	3.4
6522	3.8
6523	3.4
6529	3.5
6536	2.8
6537	2.1
6541	3.5
6543	3.2
655	3.3
6550	3.0
6556	3.4
6562	2.7
6566	3.5
6567	3.0
6593	3.0
66	2.1
6611	2.6
6619	3.1
6629	2.7
6650	3.8
666	3.0
6663	2.9
6666	3.5
6668	2.5
6678	2.5
6680	2.9
669	2.1
6714	3.4
6737	2.8
6743	2.7
6748	3.3
6756	4.0
681	3.4
6830	2.6
6839	2.3
6871	3.1
6872	3.5
6885	2.7
6889	2.4
6892	3.7
6894	2.5
6901	3.2
6911	3.4
6912	3.6
6914	3.0
6917	3.3
6919	2.7
6932	3.1
6939	3.9
6946	3.4
6965	3.1
6971	4.1
6975	1.9
6979	2.9
6985	3.3
6988	3.2
6991	2.8
6998	2.3
7011	2.8
7016	4.3
7022	2.9
7030	3.1
7033	2.2
7061	2.3
7063	2.0
7067	2.9
7068	2.3
7075	2.4
7077	2.9
7084	2.4
7089	1.7
7109	2.8
7116	2.7
712	4.0
7132	2.5
7136	2.3
7137	3.3
7145	3.5
7147	4.0
7148	3.6
718	3.2
7186	3.4
7188	3.1
722	4.0
723	3.0
7236	2.4
7238	2.9
7244	3.4
7247	3.2
725	3.5
7255	2.6
7257	3.3
7262	3.4
7273	3.2
7283	3.4
7292	3.0
7299	2.7
7329	2.5
7334	3.9
7339	2.4
735	2.3
7382	3.6
7386	3.0
7387	3.7
740	2.7
7400	4.0
7406	3.5
7408	3.3
7418	2.0
7437	2.9
7442	2.7
7445	4.2
7458	2.1
7466	2.8
7476	3.0
7495	2.9
7503	2.4
7505	3.8
7511	3.6
7512	2.4
7516	3.9
7517	3.4
7518	2.3
7524	3.0
7527	2.5
7537	3.9
7544	3.1
7551	3.2
7557	3.6
7567	2.3
7569	4.4
7571	3.3
7577	4.0
7587	2.1
7607	3.1
761	2.5
7625	3.0
7638	3.7
7656	3.1
7681	3.5
7698	2.9
7721	3.2
7726	2.2
7736	3.6
7747	3.2
7763	3.7
7768	2.5
7770	2.7
7776	3.3
779	2.5
7801	3.6
7802	2.2
7806	3.1
7812	3.8
7822	2.5
7823	3.7
7838	2.4
7858	3.4
7868	3.0
7899	2.8
790	2.8
7901	2.3
7903	4.0
7906	3.1
7916	3.5
7919	3.4
7921	2.0
7923	3.0
7931	2.9
7939	2.8
795	3.1
7950	2.6
7968	3.1
797	3.0
7973	3.6
7991	3.1
8	3.1
8002	2.5
8005	2.6
8007	2.7
8008	3.0
8017	3.6
8023	2.1
8029	3.7
8039	3.5
8051	2.9
8052	2.7
8058	2.3
8072	3.9
8085	3.6
8096	3.3
8107	3.8
8121	3.0
8128	3.3
813	2.7
815	2.9
816	3.1
8162	3.2
8163	3.4
8166	3.4
8182	2.3
8200	2.7
8206	2.9
8207	2.5
8220	2.6
8249	2.8
826	2.6
8260	2.8
8268	2.0
827	2.5
8307	2.6
8315	3.4
834	3.0
8341	2.8
8352	2.6
8354	3.7
8365	2.6
8384	2.9
8390	2.7
8392	3.4
8401	2.0
8422	2.4
8428	3.5
8435	2.4
844	2.6
8448	2.9
8452	3.0
8458	2.8
8488	3.2
849	3.2
8491	1.9
8493	3.5
8495	2.3
850	3.3
851	3.8
8512	3.4
852	2.9
8526	3.8
8534	3.0
8537	2.3
855	2.4
8560	2.9
8561	3.1
8566	2.7
8582	2.7
8594	2.8
8596	4.1
8628	2.5
865	3.2
8654	3.9
8657	2.7
8661	2.3
8677	3.8
8678	4.0
8692	3.1
8697	2.8
8699	3.6
8703	3.4
8706	2.5
8718	2.7
8738	2.5
8766	2.4
8770	3.7
878	2.6
8781	3.5
8798	1.9
8804	2.7
8825	3.6
8842	3.4
8849	3.2
885	3.0
8851	3.6
8867	3.0
888	2.4
8889	3.0
8896	2.8
8905	2.9
8915	4.0
8919	2.8
8920	2.7
8921	2.3
8933	4.1
8951	3.8
8977	3.4
8994	3.1
9025	3.0
9028	3.7
9043	3.4
9046	3.9
9059	2.9
907	4.0
9087	3.0
909	2.9
9093	2.5
9107	2.6
911	3.0
9130	3.3
9131	3.1
9152	3.0
916	3.5
9167	2.1
9186	2.2
9187	2.9
9199	3.5
92	3.1
9202	3.7
923	3.2
9230	3.3
9237	3.4
9256	3.1
9297	3.3
930	3.1
9310	3.5
9324	3.6
9337	3.8
9343	2.6
9376	3.0
9401	2.0
9404	2.8
9410	2.9
9421	3.0
9422	3.0
9423	3.3
946	2.4
9481	3.7
9482	3.6
949	3.3
9492	3.0
9517	3.2
9518	2.4
9528	4.1
9530	2.7
9537	3.0
9550	2.3
9551	2.8
9567	3.8
9568	2.8
96	3.0
960	3.5
9600	1.8
9602	2.2
9607	3.3
9612	2.8
9617	3.4
9620	2.9
9629	3.0
9632	2.4
9640	3.3
9650	2.7
9672	3.4
9681	3.5
9689	3.9
9691	3.5
9696	1.6
9697	2.8
9699	3.4
9701	3.8
9716	2.7
9717	3.3
9719	2.0
9720	2.8
9728	3.8
9730	2.2
9735	2.9
9744	2.4
9747	3.7
9750	2.7
9752	3.2
9767	3.2
9798	3.4
9805	3.7
9817	2.9
9819	3.7
9824	3.1
9831	3.3
9843	3.3
9854	3.5
9855	2.7
9867	3.0
9875	2.9
9885	2.5
9890	3.2
9897	2.1
992	3.8
9920	3.0
9930	2.2
9945	3.3
9946	3.9
9953	2.5
9967	2.8
9973	3.3
9989	2.5
9993	3.7
9997	3.4
